4786755136
4786569415
4786172119
4786127138
4785068464
4785004615
4784922300
4784851507
4784668675
4784703584
4784590443
4783429672
4783401000
4783306077
4783201276
4783115117
4783078054
4783054645
4782947516
4782984067
4781977034
4781923665
4781647547
4781651534
4781385540
4781224674
4781118557
4781056380
4780194652
4780107733
4780133349
4779958744
4779984155
4779928658
4779895836
4779911737
4779808890
4779805859
4779802492
4779669412
4779735337
4779137738
4779211617
4778555960
4778574106
4778477285
4778472816
4778306180
4778240151
4778205056
4778172458
4777987039
4777889560
4777891614
4771034332
4748148586
4748123375
4747763377
4747690750
4747658492
4747623266
4729779056
4729700406
4729703517
4729587755
4729522942
4729365072
4729299071
4729233876
4729176530
4729131873
4726321125
4726184734
4725737133
4725351951
4725219501
4724389263
4724380676
4724196284
4723432741
4723299244
4722454169
4721816219
4721584088
4721388350
4721424144
4721289067
4721257500
4720141406
4720055417
4720031666
4719968187
4719964015
4719379845
4719447267
4719405031
4718353214
4718147905
